4 5 100

95
25
49
62
14
101
99
22
89
73
57
22
18
21
101
38
70
67
117
27
58
4
33
90
119
116
84
36
92
94
117
101
19
76
2
27
25
44
71
31
23
84
6
108
87
41
61
71
10
74
86
109
119
34
45
22
104
38
18
42
31
77
9
63
34
54
24
109
101
16
48
14
23
70
52
84
61
102
21
112
42
51
82
109
88
51
38
91
93
89
66
1
55
40
62
32
33
34
32
13
116
43
102
108
78
102
65
27
59
105
18
60
21
93
54
38
89
93
105
75
86
118
74
45
60
45
41
37
39
26
36
119
44
24
15
60
82
21
7
12
105
5
103
42
65
51
90
80
18
91
69
52
64
116
116
60
3
26
88
6
90
50
58
18
17
115
63
100
46
24
40
17
111
65
91
79
9
74
103
71
62
91
71
21
83
4
110
23
71
87
51
69
98
13
80
7
59
43
64
106
60
32
75
115
31
107
52
71
53
4
25
83
114
96
69
113
74
17
95
95
69
73
8
59
40
46
20
16
67
103
52
9
113
90
10
110
86
108
40
59
78
46
16
48
32
82
9
101
102
61
14
83
35
36
38
61
40
86
29
89
108
36
20
42
48
65
60
82
97
82
49
1
25
23
15
15
98
30
64
7
103
13
109
87
9
74
2
1
103
110
103
16
55
59
31
47
5
109
54
93
91
28
85
24
117
36
102
82
52
37
77
28
88
19
69
32
94
23
15
57
71
108
108
6
59
92
112
89
25
97
28
106
39
108
85
65
110
40
36
3
120
50
31
111
59
66
72
44
14
113
31
44
40
2
68
30
48
109
56
71
113
106
116
3
120
96
27
46
26
17
79
38
92
108
75
102
8
68
21
94
72
90
26
43
38
37
22
42
113
65
118
101
74
47
117
76
44
20
99
67
47
89
93
22
82
48
115
4
76
28
82
29
51
59
81
114
3
52
64
15
64
17
76
14
47
114
118
97
8
10
102
42
4
79
20
92
34
23
19
62
69
67
96
15
22
57
12
84
45
75
54
11
48
73
23
5
40
88
99
34
51
11
75
103
25
120
84
70
49
90
5
33
95
83
66
52
40
90
49
25
94
97
60
84
107
76
30
80
33
60
80
39
58
96
42
118
41
98
53
107
67
88
120
53
20
54
29
82
57
28
62
31
26
115
110
85
101
92
70
104
95
81
100
104
61
17
101
60
75
101
38
74
93
110
101
28
18
7
94
83
1
34
92
23
3
13
97
10
54
9
63
115
16
18
20
59
98
6
54
8
30
114
68
59
18
5
16
23
9
56
14
20
120
108
43
67
40
47
80
14
67
66
26
19
43
1
110
89
8
82
19
114
65
114
74
117
95
69
61
77
86
120
72
84
100
56
62
51
90
59
63
118
44
76
69
55
90
1
114
90
109
18
82
82
99
111
39
34
96
3
29
60
87
67
19
54
110
112
93
55
32
63
94
111
9
6
38
34
33
15
56
34
32
75
75
52
26
89
86
37
81
93
100
49
100
37
83
73
24
110
106
90
30
101
59
96
88
16
74
5
19
99
20
91
96
7
93
23
65
112
95
54
16
108
28
85
86
100
60
68
61
32
90
31
20
43
54
93
102
44
69
11
81
31
85
100
90
100
116
102
85
109
59
34
14
23
35
49
71
53
73
70
58
78
68
91
94
109
94
96
7
85
32
19
42
50
80
16
28
69
116
35
1
86
12
78
26
102
68
21
74
114
46
1
116
63
18
52
86
53
23
108
53
7
78
101
104
120
117
67
69
84
91
2
68
13
60
52
94
26
47
45
22
63
13
6
115
54
51
73
45
32
98
86
10
19
64
6
14
85
61
42
45
100
52
101
48
30
94
51
100
92
119
115
44
20
100
14
11
65
94
39
73
67
82
1
14
53
106
72
6
26
65
27
54
106
119
98
50
2
40
86
95
57
42
16
13
98
108
113
39
61
14
101
77
45
108
6
29
11
50
100
107
5
65
89
43
85
14
94
9
65
66
47
59
28
98
102
64
33
64
47
86
83
79
70
78
2
112
36
44
74
106
93
67
8
93
15
4
93
5
105
36
117
43
93
18
74
48
76
18
40
30
34
103
105
84
68
105
63
97
89
3
68
114
37
88
23
44
71
100
58
20
13
39
84
43
75
27
79
26
101
99
79
98
110
105
75
10
51
83
95
89
61
119
4
105
71
11
46
44
48
45
84
119
17
89
102
6
10
112
105
69
31
109
85
112
5
13
113
93
84
77
2
97
8
55
48
36
76